 
      u         w         q        the        v         p         r        phi        x         y         z        psi    |  flap        aileron     elevator    rudder      
    -0.3274    0.0072    0.0029   -9.8100   -0.0000   -0.0000   -0.0000    0.0000    0.0000    0.0000    0.0000    0.0000     0.9728E-01 -0.4428E-07 -0.6996E-02  0.1498E-09
    -0.0000  -36.9884   14.4198    0.0000   -0.0000   -0.0000    0.0000    0.0000    0.0000    0.0000    0.0000    0.0000     -7.540      0.2597E-05 -0.9973     -0.1269E-08
    -0.0000  -26.7461  -31.6219    0.0000    0.0000    0.0000    0.0000    0.0000    0.0000    0.0000    0.0000    0.0000     -1.221      0.1067E-05  -17.95     -0.5773E-08
     0.0000    0.0000    1.0000    0.0000    0.0000    0.0000    0.0000    0.0000    0.0000    0.0000    0.0000    0.0000      0.000       0.000       0.000       0.000    
     0.0000   -0.0000   -0.0000    0.0000   -2.2198   -0.7790  -18.8557    9.8100    0.0000    0.0000    0.0000    0.0000    -0.4016E-06  0.6717     -0.1467E-07 -0.5197    
     0.0000   -0.0008   -0.0001    0.0000 -135.8047 -347.1825    7.7925    0.0000    0.0000    0.0000    0.0000    0.0000    -0.2118E-03   262.1      0.9691E-06 -0.7072E-01
     0.0000   -0.0000   -0.0000    0.0000   33.1136   -4.5915  -21.7242    0.0000    0.0000    0.0000    0.0000    0.0000    -0.3167E-05   3.840      0.2551E-06   10.89    
     0.0000    0.0000    0.0000    0.0000    0.0000    1.0000    0.0000    0.0000    0.0000    0.0000    0.0000    0.0000      0.000       0.000       0.000       0.000    
     1.0000    0.0000    0.0000    0.0000    0.0000    0.0000    0.0000    0.0000    0.0000    0.0000    0.0000    0.0000      0.000       0.000       0.000       0.000    
     0.0000    0.0000    0.0000    0.0000    1.0000    0.0000    0.0000   -0.0000    0.0000    0.0000    0.0000   20.0000      0.000       0.000       0.000       0.000    
     0.0000    1.0000    0.0000  -20.0000    0.0000    0.0000    0.0000    0.0000    0.0000    0.0000    0.0000    0.0000      0.000       0.000       0.000       0.000    
     0.0000    0.0000    0.0000    0.0000    0.0000    0.0000    1.0000    0.0000    0.0000    0.0000    0.0000    0.0000      0.000       0.000       0.000       0.000    
